[1] 1
          SNP CHR        BP A1 A2        BETA     SE         Z         P      N  INFO
1: rs36027939  NA        NA  A  G -0.04039500 0.0615 0.6568293 0.5115000  28757 0.991
2:       <NA>   1   5681063  T  C  0.01459601 0.0767 0.1902999 0.8495000  28757 0.996
3:  rs3131971  NA        NA  T  C  0.55100000 0.0011 0.0029000 0.3793103 253213 0.996
4:  rs3115858  NA        NA  T  A  0.55100000 0.0011 0.0029000 0.3793103 253213 0.996
5:  rs6604966   1        NA  T  A  0.55100000 0.0011 0.0029000 0.3793103 253213 0.996
6:       <NA>   1    848090  T  G  0.55100000 0.0011 0.0029000 0.3793103 253213 0.996
7:       <NA>   1 100000012  T  G  0.25450000 0.0056 0.0232000 0.2413793  32330 0.996
[1] 2
          SNP CHR        BP A1 A2        BETA     SE         Z         P      N  INFO
1: rs36027939  NA        NA  A  G -0.04039500 0.0615 0.6568293 0.5115000  28757 0.991
2:       <NA>   1   5681063  T  C  0.01459601 0.0767 0.1902999 0.8495000  28757 0.996
3:  rs3131971  NA        NA  T  C  0.55100000 0.0011 0.0029000 0.3793103 253213 0.996
4:  rs3115858  NA        NA  T  A  0.55100000 0.0011 0.0029000 0.3793103 253213 0.996
5:  rs6604966   1        NA  T  A  0.55100000 0.0011 0.0029000 0.3793103 253213 0.996
6:       <NA>   1    848090  T  G  0.55100000 0.0011 0.0029000 0.3793103 253213 0.996
7:       <NA>   1 100000012  T  G  0.25450000 0.0056 0.0232000 0.2413793  32330 0.996
[1] 3
          SNP CHR        BP A1 A2        BETA     SE         Z         P      N  INFO
1: rs36027939  NA        NA  A  G -0.04039500 0.0615 0.6568293 0.5115000  28757 0.991
2:       <NA>   1   5681063  T  C  0.01459601 0.0767 0.1902999 0.8495000  28757 0.996
3:  rs3131971  NA        NA  T  C  0.55100000 0.0011 0.0029000 0.3793103 253213 0.996
4:  rs3115858  NA        NA  T  A  0.55100000 0.0011 0.0029000 0.3793103 253213 0.996
5:  rs6604966   1        NA  T  A  0.55100000 0.0011 0.0029000 0.3793103 253213 0.996
6:       <NA>   1    848090  T  G  0.55100000 0.0011 0.0029000 0.3793103 253213 0.996
7:       <NA>   1 100000012  T  G  0.25450000 0.0056 0.0232000 0.2413793  32330 0.996
[1] 4
          SNP  CHR        BP A1 A2        BETA     SE         Z         P      N  INFO
1: rs36027939 <NA>        NA  A  G -0.04039500 0.0615 0.6568293 0.5115000  28757 0.991
2:  rs3131971 <NA>        NA  T  C  0.55100000 0.0011 0.0029000 0.3793103 253213 0.996
3:  rs3115858 <NA>        NA  T  A  0.55100000 0.0011 0.0029000 0.3793103 253213 0.996
4:  rs6604966    1        NA  T  A  0.55100000 0.0011 0.0029000 0.3793103 253213 0.996
5:  rs4246505    1    848090  T  G  0.55100000 0.0011 0.0029000 0.3793103 253213 0.996
6:  rs1695620    1   5681063  T  C  0.01459601 0.0767 0.1902999 0.8495000  28757 0.996
7: rs10875231    1 100000012  T  G  0.25450000 0.0056 0.0232000 0.2413793  32330 0.996
[1] 5
          SNP  CHR        BP A1 A2        BETA     SE         Z         P      N  INFO
1: rs36027939 <NA>        NA  A  G -0.04039500 0.0615 0.6568293 0.5115000  28757 0.991
2:  rs3131971 <NA>        NA  T  C  0.55100000 0.0011 0.0029000 0.3793103 253213 0.996
3:  rs3115858 <NA>        NA  T  A  0.55100000 0.0011 0.0029000 0.3793103 253213 0.996
4:  rs6604966    1        NA  T  A  0.55100000 0.0011 0.0029000 0.3793103 253213 0.996
5:  rs4246505    1    848090  T  G  0.55100000 0.0011 0.0029000 0.3793103 253213 0.996
6:  rs1695620    1   5681063  T  C  0.01459601 0.0767 0.1902999 0.8495000  28757 0.996
7: rs10875231    1 100000012  T  G  0.25450000 0.0056 0.0232000 0.2413793  32330 0.996
[1] 6
          SNP  CHR        BP A1 A2        BETA     SE         Z         P      N  INFO
1: rs36027939 <NA>        NA  A  G -0.04039500 0.0615 0.6568293 0.5115000  28757 0.991
2:  rs3131971 <NA>        NA  T  C  0.55100000 0.0011 0.0029000 0.3793103 253213 0.996
3:  rs3115858 <NA>        NA  T  A  0.55100000 0.0011 0.0029000 0.3793103 253213 0.996
4:  rs6604966    1        NA  T  A  0.55100000 0.0011 0.0029000 0.3793103 253213 0.996
5:  rs4246505    1    848090  T  G  0.55100000 0.0011 0.0029000 0.3793103 253213 0.996
6:  rs1695620    1   5681063  T  C  0.01459601 0.0767 0.1902999 0.8495000  28757 0.996
7: rs10875231    1 100000012  T  G  0.25450000 0.0056 0.0232000 0.2413793  32330 0.996
[1] 7
          SNP  CHR        BP A1 A2        BETA     SE         Z         P      N  INFO
1: rs36027939 <NA>        NA  A  G -0.04039500 0.0615 0.6568293 0.5115000  28757 0.991
2:  rs3131971 <NA>        NA  T  C  0.55100000 0.0011 0.0029000 0.3793103 253213 0.996
3:  rs3115858 <NA>        NA  T  A  0.55100000 0.0011 0.0029000 0.3793103 253213 0.996
4:  rs6604966    1        NA  T  A  0.55100000 0.0011 0.0029000 0.3793103 253213 0.996
5:  rs4246505    1    848090  T  G  0.55100000 0.0011 0.0029000 0.3793103 253213 0.996
6:  rs1695620    1   5681063  T  C  0.01459601 0.0767 0.1902999 0.8495000  28757 0.996
7: rs10875231    1 100000012  T  G  0.25450000 0.0056 0.0232000 0.2413793  32330 0.996
[1] 8
          SNP  CHR        BP A1 A2        BETA     SE         Z         P      N  INFO
1: rs36027939 <NA>        NA  A  G -0.04039500 0.0615 0.6568293 0.5115000  28757 0.991
2:  rs3131971 <NA>        NA  T  C  0.55100000 0.0011 0.0029000 0.3793103 253213 0.996
3:  rs3115858 <NA>        NA  T  A  0.55100000 0.0011 0.0029000 0.3793103 253213 0.996
4:  rs6604966    1        NA  T  A  0.55100000 0.0011 0.0029000 0.3793103 253213 0.996
5:  rs4246505    1    848090  T  G  0.55100000 0.0011 0.0029000 0.3793103 253213 0.996
6:  rs1695620    1   5681063  T  C  0.01459601 0.0767 0.1902999 0.8495000  28757 0.996
7: rs10875231    1 100000012  T  G  0.25450000 0.0056 0.0232000 0.2413793  32330 0.996
[1] 9
          SNP  CHR        BP A1 A2        BETA     SE         Z         P      N  INFO
1: rs36027939 <NA>        NA  A  G -0.04039500 0.0615 0.6568293 0.5115000  28757 0.991
2:  rs3131971 <NA>        NA  T  C  0.55100000 0.0011 0.0029000 0.3793103 253213 0.996
3:  rs3115858 <NA>        NA  T  A  0.55100000 0.0011 0.0029000 0.3793103 253213 0.996
4:  rs6604966    1        NA  T  A  0.55100000 0.0011 0.0029000 0.3793103 253213 0.996
5:  rs4246505    1    848090  T  G  0.55100000 0.0011 0.0029000 0.3793103 253213 0.996
6:  rs1695620    1   5681063  T  C  0.01459601 0.0767 0.1902999 0.8495000  28757 0.996
7: rs10875231    1 100000012  T  G  0.25450000 0.0056 0.0232000 0.2413793  32330 0.996
[1] 10
          SNP  CHR        BP A1 A2        BETA     SE         Z         P      N  INFO
1: rs10875231    1 100000012  T  G  0.25450000 0.0056 0.0232000 0.2413793  32330 0.996
2:  rs1695620    1   5681063  T  C  0.01459601 0.0767 0.1902999 0.8495000  28757 0.996
3:  rs3115858 <NA>        NA  T  A  0.55100000 0.0011 0.0029000 0.3793103 253213 0.996
4:  rs3131971 <NA>        NA  T  C  0.55100000 0.0011 0.0029000 0.3793103 253213 0.996
5: rs36027939 <NA>        NA  A  G -0.04039500 0.0615 0.6568293 0.5115000  28757 0.991
6:  rs4246505    1    848090  T  G  0.55100000 0.0011 0.0029000 0.3793103 253213 0.996
7:  rs6604966    1        NA  T  A  0.55100000 0.0011 0.0029000 0.3793103 253213 0.996
[1] 11
          SNP  CHR        BP A1 A2        BETA     SE         Z         P      N  INFO
1: rs10875231    1 100000012  T  G  0.25450000 0.0056 0.0232000 0.2413793  32330 0.996
2:  rs1695620    1   5681063  T  C  0.01459601 0.0767 0.1902999 0.8495000  28757 0.996
3:  rs3115858 <NA>        NA  T  A  0.55100000 0.0011 0.0029000 0.3793103 253213 0.996
4:  rs3131971 <NA>        NA  T  C  0.55100000 0.0011 0.0029000 0.3793103 253213 0.996
5: rs36027939 <NA>        NA  A  G -0.04039500 0.0615 0.6568293 0.5115000  28757 0.991
6:  rs4246505    1    848090  T  G  0.55100000 0.0011 0.0029000 0.3793103 253213 0.996
7:  rs6604966    1        NA  T  A  0.55100000 0.0011 0.0029000 0.3793103 253213 0.996
[1] 12
          SNP  CHR        BP A1 A2        BETA     SE         Z         P      N  INFO
1: rs10875231    1 100000012  T  G  0.25450000 0.0056 0.0232000 0.2413793  32330 0.996
2:  rs1695620    1   5681063  T  C  0.01459601 0.0767 0.1902999 0.8495000  28757 0.996
3:  rs3115858 <NA>        NA  T  A  0.55100000 0.0011 0.0029000 0.3793103 253213 0.996
4:  rs3131971 <NA>        NA  T  C  0.55100000 0.0011 0.0029000 0.3793103 253213 0.996
5: rs36027939 <NA>        NA  A  G -0.04039500 0.0615 0.6568293 0.5115000  28757 0.991
6:  rs4246505    1    848090  T  G  0.55100000 0.0011 0.0029000 0.3793103 253213 0.996
7:  rs6604966    1        NA  T  A  0.55100000 0.0011 0.0029000 0.3793103 253213 0.996
[1] 13
          SNP  CHR        BP A1 A2        BETA     SE         Z         P      N  INFO
1: rs10875231    1 100000012  T  G  0.25450000 0.0056 0.0232000 0.2413793  32330 0.996
2:  rs1695620    1   5681063  T  C  0.01459601 0.0767 0.1902999 0.8495000  28757 0.996
3:  rs3115858 <NA>        NA  T  A  0.55100000 0.0011 0.0029000 0.3793103 253213 0.996
4:  rs3131971 <NA>        NA  T  C  0.55100000 0.0011 0.0029000 0.3793103 253213 0.996
5: rs36027939 <NA>        NA  A  G -0.04039500 0.0615 0.6568293 0.5115000  28757 0.991
6:  rs4246505    1    848090  T  G  0.55100000 0.0011 0.0029000 0.3793103 253213 0.996
7:  rs6604966    1        NA  T  A  0.55100000 0.0011 0.0029000 0.3793103 253213 0.996
[1] 14
          SNP  CHR        BP A1 A2        BETA     SE          Z         P      N  INFO
1: rs10875231    1 100000012  G  T -0.25450000 0.0056 -0.0232000 0.2413793  32330 0.996
2:  rs1695620    1   5681063  C  T -0.01459601 0.0767 -0.1902999 0.8495000  28757 0.996
3:  rs3115858 <NA>        NA  A  T -0.55100000 0.0011 -0.0029000 0.3793103 253213 0.996
4:  rs3131971 <NA>        NA  T  C  0.55100000 0.0011  0.0029000 0.3793103 253213 0.996
5: rs36027939 <NA>        NA  A  G -0.04039500 0.0615  0.6568293 0.5115000  28757 0.991
6:  rs4246505    1    848090  G  T -0.55100000 0.0011 -0.0029000 0.3793103 253213 0.996
7:  rs6604966    1        NA  T  A  0.55100000 0.0011  0.0029000 0.3793103 253213 0.996
[1] 15
          SNP  CHR        BP A1 A2        BETA     SE          Z         P      N  INFO
1: rs10875231    1 100000012  G  T -0.25450000 0.0056 -0.0232000 0.2413793  32330 0.996
2:  rs1695620    1   5681063  C  T -0.01459601 0.0767 -0.1902999 0.8495000  28757 0.996
3:  rs3115858 <NA>        NA  A  T -0.55100000 0.0011 -0.0029000 0.3793103 253213 0.996
4:  rs3131971 <NA>        NA  T  C  0.55100000 0.0011  0.0029000 0.3793103 253213 0.996
5: rs36027939 <NA>        NA  A  G -0.04039500 0.0615  0.6568293 0.5115000  28757 0.991
6:  rs4246505    1    848090  G  T -0.55100000 0.0011 -0.0029000 0.3793103 253213 0.996
7:  rs6604966    1        NA  T  A  0.55100000 0.0011  0.0029000 0.3793103 253213 0.996
[1] 16
          SNP CHR        BP A1 A2        BETA     SE          Z         P      N  INFO
1: rs10875231   1 100000012  G  T -0.25450000 0.0056 -0.0232000 0.2413793  32330 0.996
2:  rs1695620   1   5681063  C  T -0.01459601 0.0767 -0.1902999 0.8495000  28757 0.996
3:  rs4246505   1    848090  G  T -0.55100000 0.0011 -0.0029000 0.3793103 253213 0.996
[1] 17
          SNP CHR        BP A1 A2        BETA     SE          Z         P      N  INFO
1: rs10875231   1 100000012  G  T -0.25450000 0.0056 -0.0232000 0.2413793  32330 0.996
2:  rs1695620   1   5681063  C  T -0.01459601 0.0767 -0.1902999 0.8495000  28757 0.996
3:  rs4246505   1    848090  G  T -0.55100000 0.0011 -0.0029000 0.3793103 253213 0.996
[1] 18
          SNP CHR        BP A1 A2        BETA     SE          Z         P      N  INFO
1: rs10875231   1 100000012  G  T -0.25450000 0.0056 -0.0232000 0.2413793  32330 0.996
2:  rs1695620   1   5681063  C  T -0.01459601 0.0767 -0.1902999 0.8495000  28757 0.996
3:  rs4246505   1    848090  G  T -0.55100000 0.0011 -0.0029000 0.3793103 253213 0.996
[1] 19
          SNP CHR        BP A1 A2        BETA     SE          Z         P      N  INFO
1: rs10875231   1 100000012  G  T -0.25450000 0.0056 -0.0232000 0.2413793  32330 0.996
2:  rs1695620   1   5681063  C  T -0.01459601 0.0767 -0.1902999 0.8495000  28757 0.996
3:  rs4246505   1    848090  G  T -0.55100000 0.0011 -0.0029000 0.3793103 253213 0.996
[1] 20
          SNP CHR        BP A1 A2        BETA     SE          Z         P      N  INFO
1: rs10875231   1 100000012  G  T -0.25450000 0.0056 -0.0232000 0.2413793  32330 0.996
2:  rs1695620   1   5681063  C  T -0.01459601 0.0767 -0.1902999 0.8495000  28757 0.996
3:  rs4246505   1    848090  G  T -0.55100000 0.0011 -0.0029000 0.3793103 253213 0.996
[1] 21
          SNP CHR        BP A1 A2        BETA     SE          Z         P      N  INFO
1: rs10875231   1 100000012  G  T -0.25450000 0.0056 -0.0232000 0.2413793  32330 0.996
2:  rs1695620   1   5681063  C  T -0.01459601 0.0767 -0.1902999 0.8495000  28757 0.996
3:  rs4246505   1    848090  G  T -0.55100000 0.0011 -0.0029000 0.3793103 253213 0.996
[1] 22
          SNP CHR        BP A1 A2        BETA     SE          Z         P      N  INFO
1: rs10875231   1 100000012  G  T -0.25450000 0.0056 -0.0232000 0.2413793  32330 0.996
2:  rs1695620   1   5681063  C  T -0.01459601 0.0767 -0.1902999 0.8495000  28757 0.996
3:  rs4246505   1    848090  G  T -0.55100000 0.0011 -0.0029000 0.3793103 253213 0.996
[1] 23
          SNP CHR        BP A1 A2        BETA     SE          Z         P      N  INFO
1:  rs4246505   1    848090  G  T -0.55100000 0.0011 -0.0029000 0.3793103 253213 0.996
2:  rs1695620   1   5681063  C  T -0.01459601 0.0767 -0.1902999 0.8495000  28757 0.996
3: rs10875231   1 100000012  G  T -0.25450000 0.0056 -0.0232000 0.2413793  32330 0.996
[1] 24
          SNP CHR        BP A1 A2        BETA     SE          Z         P      N  INFO
1:  rs4246505   1    848090  G  T -0.55100000 0.0011 -0.0029000 0.3793103 253213 0.996
2:  rs1695620   1   5681063  C  T -0.01459601 0.0767 -0.1902999 0.8495000  28757 0.996
3: rs10875231   1 100000012  G  T -0.25450000 0.0056 -0.0232000 0.2413793  32330 0.996
[1] 25
          SNP CHR        BP A1 A2        BETA     SE          Z         P      N  INFO
1:  rs4246505   1    848090  G  T -0.55100000 0.0011 -0.0029000 0.3793103 253213 0.996
2:  rs1695620   1   5681063  C  T -0.01459601 0.0767 -0.1902999 0.8495000  28757 0.996
3: rs10875231   1 100000012  G  T -0.25450000 0.0056 -0.0232000 0.2413793  32330 0.996
[1] 26
          SNP CHR        BP A1 A2        BETA     SE          Z         P      N  INFO
1:  rs4246505   1    848090  G  T -0.55100000 0.0011 -0.0029000 0.3793103 253213 0.996
2:  rs1695620   1   5681063  C  T -0.01459601 0.0767 -0.1902999 0.8495000  28757 0.996
3: rs10875231   1 100000012  G  T -0.25450000 0.0056 -0.0232000 0.2413793  32330 0.996
[1] 27
          SNP CHR        BP A1 A2        BETA     SE          Z         P      N  INFO
1:  rs4246505   1    848090  G  T -0.55100000 0.0011 -0.0029000 0.3793103 253213 0.996
2:  rs1695620   1   5681063  C  T -0.01459601 0.0767 -0.1902999 0.8495000  28757 0.996
3: rs10875231   1 100000012  G  T -0.25450000 0.0056 -0.0232000 0.2413793  32330 0.996
[1] 28
          SNP CHR        BP A1 A2        BETA     SE          Z         P      N  INFO
1:  rs4246505   1    848090  G  T -0.55100000 0.0011 -0.0029000 0.3793103 253213 0.996
2:  rs1695620   1   5681063  C  T -0.01459601 0.0767 -0.1902999 0.8495000  28757 0.996
3: rs10875231   1 100000012  G  T -0.25450000 0.0056 -0.0232000 0.2413793  32330 0.996
[1] 29
          SNP CHR        BP A1 A2        BETA     SE          Z         P      N  INFO
1:  rs4246505   1    848090  G  T -0.55100000 0.0011 -0.0029000 0.3793103 253213 0.996
2:  rs1695620   1   5681063  C  T -0.01459601 0.0767 -0.1902999 0.8495000  28757 0.996
3: rs10875231   1 100000012  G  T -0.25450000 0.0056 -0.0232000 0.2413793  32330 0.996
[1] 30
          SNP CHR        BP A1 A2        BETA     SE          Z         P      N  INFO
1:  rs4246505   1    848090  G  T -0.55100000 0.0011 -0.0029000 0.3793103 253213 0.996
2:  rs1695620   1   5681063  C  T -0.01459601 0.0767 -0.1902999 0.8495000  28757 0.996
3: rs10875231   1 100000012  G  T -0.25450000 0.0056 -0.0232000 0.2413793  32330 0.996
